0.000000000000000000e+00 2.461772176595489314e-06
1.010101010101010083e-01 3.864072659203945219e-06
2.020202020202020166e-01 6.022491387018027965e-06
3.030303030303030387e-01 9.320529149125624858e-06
4.040404040404040331e-01 1.432314631925332735e-05
5.050505050505050830e-01 2.185595390685338222e-05
6.060606060606060774e-01 3.311574896553565861e-05
7.070707070707070718e-01 4.982334431547361450e-05
8.080808080808080662e-01 7.443284987446351021e-05
9.090909090909090606e-01 1.104154630408309850e-04
1.010101010101010166e+00 1.626404728352374366e-04
1.111111111111111160e+00 2.378815947355753847e-04
1.212121212121212155e+00 3.454828924032902451e-04
1.313131313131313149e+00 4.982252939535821053e-04
1.414141414141414144e+00 7.134418655720527148e-04
1.515151515151515138e+00 1.014437268179230103e-03
1.616161616161616132e+00 1.432273890971419222e-03
1.717171717171717127e+00 2.007994029345508587e-03
1.818181818181818121e+00 2.795355781479986861e-03
1.919191919191919116e+00 3.864184149867025582e-03
2.020202020202020332e+00 5.304623830684463553e-03
2.121212121212121104e+00 7.234327919133628181e-03
2.222222222222222321e+00 9.824412378866193007e-03
2.323232323232323093e+00 1.344202052164417821e-02
2.424242424242424310e+00 1.935088437636445571e-02
2.525252525252525082e+00 3.230327005917756067e-02
2.626262626262626299e+00 6.711215339450191109e-02
2.727272727272727071e+00 1.578417406723603422e-01
2.828282828282828287e+00 3.556999444228407525e-01
2.929292929292929060e+00 6.920410043754966489e-01
3.030303030303030276e+00 1.112890235027720554e+00
3.131313131313131048e+00 1.459031195255355629e+00
3.232323232323232265e+00 1.563663996337492090e+00
3.333333333333333481e+00 1.400834240844291090e+00
3.434343434343434254e+00 1.117900306524439946e+00
3.535353535353535470e+00 9.125903450904027103e-01
3.636363636363636243e+00 9.009231229396856833e-01
3.737373737373737459e+00 1.097524461609496793e+00
3.838383838383838231e+00 1.473893251229952295e+00
3.939393939393939448e+00 2.005885549146003921e+00
4.040404040404040664e+00 2.680857107427293329e+00
4.141414141414140992e+00 3.484655298017889091e+00
4.242424242424242209e+00 4.389308967064741829e+00
4.343434343434343425e+00 5.347941472009077657e+00
4.444444444444444642e+00 6.296562309937278279e+00
4.545454545454544970e+00 7.161375590509432065e+00
4.646464646464646187e+00 7.869946663298328815e+00
4.747474747474747403e+00 8.363780967753372764e+00
4.848484848484848619e+00 8.609254353432813645e+00
4.949494949494949836e+00 8.604018582390043690e+00
5.050505050505050164e+00 8.377122104585648543e+00
5.151515151515151381e+00 7.982811644427204811e+00
5.252525252525252597e+00 7.489718025724437567e+00
5.353535353535353813e+00 6.968275230920379926e+00
5.454545454545454142e+00 6.479418408373874172e+00
5.555555555555555358e+00 6.066878753849151096e+00
5.656565656565656575e+00 5.754100296113765722e+00
5.757575757575757791e+00 5.545454322954552318e+00
5.858585858585858119e+00 5.430457696918676191e+00
5.959595959595959336e+00 5.389323714609099092e+00
6.060606060606060552e+00 5.398348575283080208e+00
6.161616161616161769e+00 5.434150988779606450e+00
6.262626262626262097e+00 5.476378686523131201e+00
6.363636363636363313e+00 5.508974698321529750e+00
6.464646464646464530e+00 5.520367146685262405e+00
6.565656565656565746e+00 5.503016890805791483e+00
6.666666666666666963e+00 5.452692883430431792e+00
6.767676767676767291e+00 5.367722863957290258e+00
6.868686868686868507e+00 5.248346130152016897e+00
6.969696969696969724e+00 5.096206283600743348e+00
7.070707070707070940e+00 4.913971470488869286e+00
7.171717171717171269e+00 4.705050174298710530e+00
7.272727272727272485e+00 4.473370071893785216e+00
7.373737373737373701e+00 4.223195345899356745e+00
7.474747474747474918e+00 3.958967353197125671e+00
7.575757575757575246e+00 3.685161380438009449e+00
7.676767676767676463e+00 3.406157426642677954e+00
7.777777777777777679e+00 3.126125788691069385e+00
7.878787878787878896e+00 2.848929335429987830e+00
7.979797979797979224e+00 2.578044378966228845e+00
8.080808080808081328e+00 2.316501474690755735e+00
8.181818181818181657e+00 2.066846632370862302e+00
8.282828282828281985e+00 1.831122505504240827e+00
8.383838383838384090e+00 1.610868270778319067e+00
8.484848484848484418e+00 1.407136188598695936e+00
8.585858585858586522e+00 1.220522290593328174e+00
8.686868686868686851e+00 1.051208288610340880e+00
8.787878787878787179e+00 8.990116420254962160e-01
8.888888888888889284e+00 7.634407423112116176e-01
8.989898989898989612e+00 6.437523515208378733e-01
9.090909090909089940e+00 5.390087332779429641e-01
9.191919191919192045e+00 4.481323059223437100e-01
9.292929292929292373e+00 3.699560918287708722e-01
9.393939393939394478e+00 3.032687006946889752e-01
9.494949494949494806e+00 2.468530379420331433e-01
9.595959595959595134e+00 1.995183479419179728e-01
9.696969696969697239e+00 1.601255675005206214e-01
9.797979797979797567e+00 1.276062663740774317e-01
9.898989898989899672e+00 1.009756830965458096e-01
1.000000000000000000e+01 7.934052609535577338e-02
